---------------------------------------------------------
DDR
|4344025|4083642|5876593|3976678|5155566|7944280|4042932|
---------------------------------------------------------
DDR2 - 667MHz
|6279180|7963870|6692004|6252850|7972050|8298606|	|
|	|8268966|7666227|7945090|	|4941011|	|
---------------------------------------------------------
DDR2 - 800MHz
|6416292|6222770|7945010|7605467|7945000|	|	|
|	|6480822|	|8251816|6461172|	|	|
---------------------------------------------------------
DDR3 - 1333MHz
|6413552|5915524|6288480|6164859|6974547|9006207|8008634|
|8175745|6486152|7605367|6483582|8008624|       |       |
|       |       |7997290|8018024|8368157|       |       |
|       |       |8169045|       |       |       |1234568|
---------------------------------------------------------
DDR3 - 1600MHz
|6340141|6410762|8071204|6902177|6952407|7917550|7314444|
|7680847|6487492|8169025|7355814|7275383|8142535|7707378|
|7695717|6552683|8169035|8169015|7323284|8168995|9162468|
|7795018|6709205|8251186|8368167|7354444|8169005|       |
|8251796|7323254|8325087|8454728|7583576|8316737|       |
|8535419|7741238|8683430|8760441|7666277|8972173|       |
|8772161|7796618|8872372|8805822|7673627|8872352|       |
|8764741|7900120|8912373|8842602|7766668|       |       |
|       |       |       |8141905|       |       |       |
|       |       |       |       |       |       |       |
---------------------------------------------------------
DDR3 - 1866MHz
|7795028|8244936|8061314|7275493|8019574|8535899|7338164|
|7829209|8535469|8760461|7333384|       |8995543|       |
---------------------------------------------------------
DDR3 - 2133MHz | 2400MHz | 2666MHz
|8228056|8018014|8535389|8714291|7887499|7930180|7920570|
|8754361|       |       |       |       |       |       |
---------------------------------------------------------
DDR4 - 2133MHz
|8861012|8372477|8908893|8861022|8372487|9027927|8980863|
|9123708|8872312|9015817|9027907|8856202|9040277|       |
|       |       |       |9123698|9018917|8679260|       |
|       |       |       |       |9071757|       |       |
---------------------------------------------------------
DDR4 - 2400MHz
|8760431|9123718|8760481|9050407|8540179|9040287|8683440|
|       |       |9024797|9076647|8811842|9076637|       |
|       |       |9027917|       |9076667|       |       |
---------------------------------------------------------
DDR4 - 2666MHz
|8329567|8575619|8897542|9023977|8329587|8862622|8827322|
|       |8664660|8964173|       |       |9015797|       |
---------------------------------------------------------
DDR4 - 2800MHz
|8535349|8587569|8964183|8329597|8627820|8683460|8683470|
---------------------------------------------------------
DDR4 - 3000MHz
|8537859|8353867|8587579|9018937|8627190|8770371|8789901|
|9018927|       |8604610|9112068|8644840|9009167|8928253|
|       |       |8714281|9112398|       |9112078|       |
|       |       |8897572|8444698|       |       |       |
|       |       |9165418|8897592|       |       |       |
---------------------------------------------------------
DDR4 - 3200MHz
|8537869|8582929|8770361|8789881|8897602|8897612|       |
|8664680|8664720|8897582|8889732|9051727|8928263|       |
|       |8723821|9009147|       |       |       |       |
|       |       |8754381|       |       |       |       |
---------------------------------------------------------
DDR4 - 3400MHz | 3600MHz | 3733MHz
|8587589|8740911|8664730|8760111|8903583|8903603|       |
---------------------------------------------------------